Acier : 88 143 163  90 142 162  90 142 162
Combat : 206 64 104  224 48 106  206 65 107
Dragon : 8 108 194  0 111 201  11 109 195
Eau : 77 146 215  54 146 220  80 144 214
Électrik : 242 211 59  251 209 0  244 210 60
Fée : 236 144 231  251 137 235  236 143 230
Feu : 255 157 85  255 151 65  255 157 85
Glace : 115 206 189  76 209 192  115 206 192
Insecte : 146 193 44  131 195 0  145 193 47
Normal : 145 153 161  145 154 162  145 154 162
Plante : 97 187 89  56 191 75  99 188 90
Poison : 170 106 200  181 103 206  170 107 200
Psy : 251 112 117  255 102 117  255 113 121
Roche : 200 183 139  200 182 134  197 183 140
Sol : 218 120 71  232 114 54  217 120 69
Spectre : 80 105 171  76 106 178  82 105 173
Ténèbres : 89 82 100  91 84 102  90 84 101
Vol : 142 169 224  137 170 227  143 169 222

Inconnu : 104 153 140
Obscur : 203 154 239

Poison : 208 107 255
Poison Grave : 129 43 255
K.O. : 219 219 219
Gel : 0 255 217
Paralysie : 255 208 0
Sommeil : 134 197 255
Brûlure : 255 131 41
Pokérus : 255 214 246

Physique : 238 104 69
Spéciale : 96 173 243
Statut : 149 153 154

